Удаление хорды от оси, см	Интенсивность, отн. ед.
 0.00000000000000E+0000	 2.74578124615389E-0003
 5.00000000000000E-0002	 2.70834469844679E-0003
 1.00000000000000E-0001	 2.68685905129463E-0003
 1.50000000000000E-0001	 2.77965241543715E-0003
 2.00000000000000E-0001	 2.63061020013205E-0003
 2.50000000000000E-0001	 2.57247349450551E-0003
 3.00000000000000E-0001	 2.55837499486234E-0003
 3.50000000000000E-0001	 2.49670244494954E-0003
 4.00000000000000E-0001	 2.46413334327076E-0003
 4.50000000000000E-0001	 2.41533829498024E-0003
 5.00000000000000E-0001	 2.40433212499863E-0003
 5.50000000000000E-0001	 2.07264496410648E-0003
 6.00000000000000E-0001	 1.94628348692082E-0003
 6.50000000000000E-0001	 1.88127884975671E-0003
 7.00000000000000E-0001	 1.66652724614248E-0003
 7.50000000000000E-0001	 1.52639902658430E-0003
 8.00000000000000E-0001	 1.55714520892196E-0003
 8.50000000000000E-0001	 1.32240143849933E-0003
 9.00000000000000E-0001	 1.17680767739947E-0003
 9.50000000000000E-0001	 1.04513852939763E-0003
 1.00000000000000E+0000	 8.19101239040593E-0004
 1.05000000000000E+0000	 5.12838346897767E-0004
 1.10000000000000E+0000	 1.64881170541528E-0004
 1.15000000000000E+0000	 1.53367610717443E-0004
 1.20000000000000E+0000	 1.46162068937829E-0004
 1.25000000000000E+0000	 1.49821358902795E-0004
 1.30000000000000E+0000	 1.52663238383908E-0004
 1.35000000000000E+0000	 1.50475059705077E-0004
 1.40000000000000E+0000	 1.53138060877205E-0004
 1.45000000000000E+0000	 1.51508347896780E-0004
 1.50000000000000E+0000	 1.54546468154787E-0004
 1.55000000000000E+0000	 1.55577969552206E-0004
 1.60000000000000E+0000	 1.53017506003556E-0004
 1.65000000000000E+0000	 1.51518349797335E-0004
 1.70000000000000E+0000	 1.53843767794288E-0004
 1.75000000000000E+0000	 1.54594616133614E-0004
 1.80000000000000E+0000	 1.56894169015683E-0004
 1.85000000000000E+0000	 1.61251828374695E-0004
 1.90000000000000E+0000	 1.57285990739642E-0004
 1.95000000000000E+0000	 1.55224085768718E-0004
 2.00000000000000E+0000	 1.65157518901648E-0004
 2.05000000000000E+0000	 1.64561426454728E-0004
 2.10000000000000E+0000	 1.65361458721415E-0004
 2.15000000000000E+0000	 1.75022137527234E-0004
 2.20000000000000E+0000	 1.76936164087772E-0004
 2.25000000000000E+0000	 1.79437067729846E-0004
 2.30000000000000E+0000	 1.76852793521926E-0004
 2.35000000000000E+0000	 1.73555652962517E-0004
 2.40000000000000E+0000	 1.80998293626466E-0004
 2.45000000000000E+0000	 1.82313134758326E-0004
 2.50000000000000E+0000	 1.82989070326737E-0004
 2.55000000000000E+0000	 1.93578176466678E-0004
 2.60000000000000E+0000	 1.82869751729814E-0004
 2.65000000000000E+0000	 1.77358002903597E-0004
 2.70000000000000E+0000	 1.76137066118291E-0004
 2.75000000000000E+0000	 1.82200456728382E-0004
 2.80000000000000E+0000	 1.85116177179283E-0004
 2.85000000000000E+0000	 1.85016546548533E-0004
 2.90000000000000E+0000	 1.92559457544680E-0004
 2.95000000000000E+0000	 2.00202168345068E-0004
 3.00000000000000E+0000	 1.99852266575072E-0004
 3.05000000000000E+0000	 2.09287813505018E-0004
 3.10000000000000E+0000	 1.89975370348255E-0004
 3.15000000000000E+0000	 1.80128714369630E-0004
 3.20000000000000E+0000	 1.84468222056387E-0004
 3.25000000000000E+0000	 1.81596923857853E-0004
 3.30000000000000E+0000	 1.84162873725598E-0004
 3.35000000000000E+0000	 1.90120466473357E-0004
 3.40000000000000E+0000	 1.87038303990525E-0004
 3.45000000000000E+0000	 2.04324617146688E-0004
 3.50000000000000E+0000	 1.97541689010490E-0004
 3.55000000000000E+0000	 1.92619238481813E-0004
 3.60000000000000E+0000	 1.79124237507885E-0004
 3.65000000000000E+0000	 1.87920211195797E-0004
 3.70000000000000E+0000	 1.88725388791397E-0004
 3.75000000000000E+0000	 1.93653833543813E-0004
 3.80000000000000E+0000	 2.03898956079729E-0004
 3.85000000000000E+0000	 1.87011549817291E-0004
 3.90000000000000E+0000	 1.72426026724051E-0004
 3.95000000000000E+0000	 1.83184684830644E-0004
 4.00000000000000E+0000	 1.86494945588339E-0004
 4.05000000000000E+0000	 1.77894211934486E-0004
 4.10000000000000E+0000	 1.73803135510068E-0004
 4.15000000000000E+0000	 1.58717823900517E-0004
 4.20000000000000E+0000	 1.61754627742034E-0004
 4.25000000000000E+0000	 1.65515859285385E-0004
 4.30000000000000E+0000	 1.73549640925748E-0004
 4.35000000000000E+0000	 1.61873378325485E-0004
 4.40000000000000E+0000	 1.60559651084422E-0004
 4.45000000000000E+0000	 1.70020102518506E-0004
 4.50000000000000E+0000	 1.63514205574148E-0004
 4.55000000000000E+0000	 1.60007713715538E-0004
 4.60000000000000E+0000	 1.58841704530311E-0004
 4.65000000000000E+0000	 1.47783514663748E-0004
 4.70000000000000E+0000	 1.50580747849388E-0004
 4.75000000000000E+0000	 1.49373138509006E-0004
 4.80000000000000E+0000	 1.38034451826487E-0004
 4.85000000000000E+0000	 1.36851341731640E-0004
 4.90000000000000E+0000	 1.39072209997543E-0004
 4.95000000000000E+0000	 1.37824574741943E-0004
 5.00000000000000E+0000	 1.36320823751888E-0004
 5.05000000000000E+0000	 1.36233744457261E-0004
 5.10000000000000E+0000	 1.25435361719853E-0004
 5.15000000000000E+0000	 1.20892195456603E-0004
 5.20000000000000E+0000	 1.21345298341221E-0004
 5.25000000000000E+0000	 1.25852468647141E-0004
 5.30000000000000E+0000	 1.15399309422383E-0004
 5.35000000000000E+0000	 1.22064734245394E-0004
 5.40000000000000E+0000	 1.15703204296348E-0004
 5.45000000000000E+0000	 1.18876273418015E-0004
 5.50000000000000E+0000	 1.13924233169654E-0004
 5.55000000000000E+0000	 9.90935918209590E-0005
 5.60000000000000E+0000	 9.11465844592660E-0005
 5.65000000000000E+0000	 9.89795756471335E-0005
 5.70000000000000E+0000	 9.62958482691559E-0005
 5.75000000000000E+0000	 9.24483247427078E-0005
 5.80000000000000E+0000	 8.86731901239818E-0005
 5.85000000000000E+0000	 8.73364901563102E-0005
 5.90000000000000E+0000	 8.45759749793001E-0005
 5.95000000000000E+0000	 8.98383514826779E-0005
 6.00000000000000E+0000	 7.93252521721176E-0005
 6.05000000000000E+0000	 7.59027659196315E-0005
 6.10000000000000E+0000	 7.81384482165600E-0005
 6.15000000000000E+0000	 6.74145896592682E-0005
 6.20000000000000E+0000	 6.99582682931209E-0005
 6.25000000000000E+0000	 7.02202577434327E-0005
 6.30000000000000E+0000	 7.55101031198191E-0005
 6.35000000000000E+0000	 7.85147642678176E-0005
 6.40000000000000E+0000	 7.42003221615068E-0005
 6.45000000000000E+0000	 6.20524470001454E-0005
 6.50000000000000E+0000	 6.24762233010602E-0005
 6.55000000000000E+0000	 5.89047736034742E-0005
 6.60000000000000E+0000	 5.67222942291213E-0005
 6.65000000000000E+0000	 5.76682200487767E-0005
 6.70000000000000E+0000	 5.85684720167604E-0005
 6.75000000000000E+0000	 5.96089822763436E-0005
 6.80000000000000E+0000	 5.66483906235494E-0005
 6.85000000000000E+0000	 6.26851310608076E-0005
 6.90000000000000E+0000	 6.40541945898316E-0005
 6.95000000000000E+0000	 6.70598450131657E-0005
 7.00000000000000E+0000	 6.46121914281854E-0005
 7.05000000000000E+0000	 5.52571979504702E-0005
 7.10000000000000E+0000	 6.10343706491759E-0005
 7.15000000000000E+0000	 6.21996777780776E-0005
 7.20000000000000E+0000	 5.81879751049079E-0005
 7.25000000000000E+0000	 5.20710560146130E-0005
 7.30000000000000E+0000	 4.82223906384990E-0005
 7.35000000000000E+0000	 4.93449777379883E-0005
 7.40000000000000E+0000	 5.17189664134413E-0005
 7.45000000000000E+0000	 5.49243109884632E-0005
 7.50000000000000E+0000	 5.52584499950806E-0005
 7.55000000000000E+0000	 4.92024496672780E-0005
 7.60000000000000E+0000	 5.54684055054612E-0005
 7.65000000000000E+0000	 5.73259551524841E-0005
 7.70000000000000E+0000	 5.08118552494303E-0005
 7.75000000000000E+0000	 4.95044561264322E-0005
 7.80000000000000E+0000	 5.04872258870708E-0005
 7.85000000000000E+0000	 4.57878888022664E-0005
 7.90000000000000E+0000	 4.80621758825267E-0005
 7.95000000000000E+0000	 5.33584062409373E-0005
 8.00000000000000E+0000	 4.96668417510978E-0005
 8.05000000000000E+0000	 4.27199673560277E-0005
 8.10000000000000E+0000	 4.34142109967064E-0005
 8.15000000000000E+0000	 3.94614558278817E-0005
 8.20000000000000E+0000	 3.87339875932545E-0005
 8.25000000000000E+0000	 4.00756450236430E-0005
 8.30000000000000E+0000	 3.87419875181109E-0005
 8.35000000000000E+0000	 3.74693788459825E-0005
 8.40000000000000E+0000	 3.66610184664872E-0005
 8.45000000000000E+0000	 3.53445089507867E-0005
 8.50000000000000E+0000	 3.70956171757810E-0005
 8.55000000000000E+0000	 3.37507297487799E-0005
 8.60000000000000E+0000	 2.91109242774468E-0005
 8.65000000000000E+0000	 3.13886767335522E-0005
 8.70000000000000E+0000	 2.99484248594008E-0005
 8.75000000000000E+0000	 2.81446069515605E-0005
 8.80000000000000E+0000	 2.72310953067718E-0005
 8.85000000000000E+0000	 2.69444287070180E-0005
 8.90000000000000E+0000	 2.88606936857423E-0005
 8.95000000000000E+0000	 3.11194363423855E-0005
 9.00000000000000E+0000	 3.47070712864742E-0005
 9.05000000000000E+0000	 3.28634832761594E-0005
 9.10000000000000E+0000	 3.22610342235872E-0005
 9.15000000000000E+0000	 3.08047052806575E-0005
 9.20000000000000E+0000	 2.90684212326433E-0005
 9.25000000000000E+0000	 3.12189296303913E-0005
 9.30000000000000E+0000	 2.69306146658369E-0005
 9.35000000000000E+0000	 2.31082375639854E-0005
 9.40000000000000E+0000	 2.49110278978467E-0005
 9.45000000000000E+0000	 2.64192268677365E-0005
 9.50000000000000E+0000	 2.67615550899801E-0005
 9.55000000000000E+0000	 2.85623989955735E-0005
 9.60000000000000E+0000	 2.77322106733164E-0005
 9.65000000000000E+0000	 2.75519925655230E-0005
 9.70000000000000E+0000	 2.97792228461886E-0005
 9.75000000000000E+0000	 3.14183924961404E-0005
 9.80000000000000E+0000	 2.90932823718596E-0005
 9.85000000000000E+0000	 2.69261044548291E-0005
 9.90000000000000E+0000	 2.37814585293134E-0005
 9.95000000000000E+0000	 2.73631267294732E-0005
 1.00000000000000E+0001	 2.84666550352145E-0005
 1.00500000000000E+0001	 2.62552169583942E-0005
 1.01000000000000E+0001	 1.97309984744340E-0005
 1.01500000000000E+0001	 1.93603233593189E-0005
 1.02000000000000E+0001	 1.69374559337531E-0005
 1.02500000000000E+0001	 1.63066552278455E-0005
 1.03000000000000E+0001	 1.76084975193011E-0005
 1.03500000000000E+0001	 1.83616620408534E-0005
 1.04000000000000E+0001	 1.83641744745919E-0005
 1.04500000000000E+0001	 1.90540534996913E-0005
 1.05000000000000E+0001	 1.77359288073671E-0005
 1.05500000000000E+0001	 1.53179651551380E-0005
 1.06000000000000E+0001	 1.38325347953108E-0005
 1.06500000000000E+0001	 1.53113944871464E-0005
 1.07000000000000E+0001	 1.68402825718989E-0005
 1.07500000000000E+0001	 1.81485968487614E-0005
 1.08000000000000E+0001	 1.74351542165522E-0005
 1.08500000000000E+0001	 1.53875829978622E-0005
 1.09000000000000E+0001	 1.63467808752291E-0005
 1.09500000000000E+0001	 1.47844870072455E-0005
 1.10000000000000E+0001	 1.27177337665460E-0005
 1.10500000000000E+0001	 1.29079038893817E-0005
 1.11000000000000E+0001	 1.41549730645571E-0005
 1.11500000000000E+0001	 1.63151269534860E-0005
 1.12000000000000E+0001	 1.76579871267608E-0005
 1.12500000000000E+0001	 1.83450094717765E-0005
 1.13000000000000E+0001	 1.46724567005243E-0005
 1.13500000000000E+0001	 1.41798887557188E-0005
 1.14000000000000E+0001	 1.69250654385393E-0005
 1.14500000000000E+0001	 1.82433770770691E-0005
 1.15000000000000E+0001	 1.65020435895261E-0005
 1.15500000000000E+0001	 1.52832893302325E-0005
 1.16000000000000E+0001	 1.21863908584848E-0005
 1.16500000000000E+0001	 1.24860895360434E-0005
 1.17000000000000E+0001	 1.19430124895108E-0005
 1.17500000000000E+0001	 1.24052216798798E-0005
 1.18000000000000E+0001	 1.20327355111886E-0005
 1.18500000000000E+0001	 1.33019369705523E-0005
 1.19000000000000E+0001	 1.07398879042321E-0005
 1.19500000000000E+0001	 9.11553126932379E-0006
 1.20000000000000E+0001	 8.07776062880621E-0006
 1.20500000000000E+0001	 8.92267327815006E-0006
 1.21000000000000E+0001	 1.03995301335995E-0005
 1.21500000000000E+0001	 9.82875131161664E-0006
 1.22000000000000E+0001	 8.01746183445303E-0006
 1.22500000000000E+0001	 5.48748575332666E-0006
 1.23000000000000E+0001	 5.38452912476039E-0006
 1.23500000000000E+0001	 5.54768336763284E-0006
 1.24000000000000E+0001	 4.62120894712095E-0006
 1.24500000000000E+0001	 1.41778519179069E-0006
 1.25000000000000E+0001	 0.00000000000000E+0000
